cam0=[384.37664794921875, 0, 318.37030029296875; 0, 384.37664794921875, 242.76681518554688; 0, 0, 1]
cam1=[384.37664794921875, 0, 318.37030029296875; 0, 384.37664794921875, 242.76681518554688; 0, 0, 1]
doffs=0
baseline=49.990490078926086
width=640
height=480
ndisp=640
